0 0 100 -2.92715253233
0 5 95 -3.11236088385
0 10 90 -2.8178085086
0 15 85 -3.10327716596
0 20 80 -3.4154035162
0 25 75 -3.52696968968
0 30 70 -3.48671027405
0 35 65 -3.38568192608
0 40 60 -3.3135140735
0 45 55 -3.29868389132
0 50 50 -3.27200249904
0 55 45 -3.16559344606
0 60 40 -3.01283877224
0 65 35 -2.91120270978
0 70 30 -2.92156530092
0 75 25 -3.01150953072
0 80 20 -3.04606345456
0 85 15 -2.88620875099
0 90 10 -2.66113074996
0 95 5 -2.8055426135
0 100 0 -3.09726954132
5 0 95 -3.25578707454
5 5 90 -2.88654982209
5 10 85 -2.96095467031
5 15 80 -3.23874136564
5 20 75 -3.39331647031
5 25 70 -3.41448514894
5 30 65 -3.34193928286
5 35 60 -3.22739514129
5 40 55 -3.14454109616
5 45 50 -3.09897788714
5 50 45 -3.02255955435
5 55 40 -2.87867251931
5 60 35 -2.70755060661
5 65 30 -2.5766261292
5 70 25 -2.52546657556
5 75 20 -2.51736649893
5 80 15 -2.4400879907
5 85 10 -2.31769113044
5 90 5 -2.49781823378
10 0 90 -3.18757169335
10 5 85 -2.93544897392
10 10 80 -3.17304619606
10 15 75 -3.37490414614
10 20 70 -3.43189657134
10 25 65 -3.37131366689
10 30 60 -3.23685149931
10 35 55 -3.11859616765
10 40 50 -3.0696719336
10 45 45 -3.0325930943
10 50 40 -2.92626696013
10 55 35 -2.75044153965
10 60 30 -2.57398172825
10 65 25 -2.46871093429
10 70 20 -2.44542300236
10 75 15 -2.41561233716
10 80 10 -2.34160143711
10 85 5 -2.49369441252
10 90 0 -3.11352708263
15 0 85 -3.18515947222
15 5 80 -3.1200762082
15 10 75 -3.34903520458
15 15 70 -3.4488321048
15 20 65 -3.41185615838
15 25 60 -3.26995909675
15 30 55 -3.11115038059
15 35 50 -3.03399870409
15 40 45 -3.02144201271
15 45 40 -2.96720951671
15 50 35 -2.81575857551
15 55 30 -2.61282197289
15 60 25 -2.44947381235
15 65 20 -2.38414071869
15 70 15 -2.37439977955
15 75 10 -2.35420090703
15 80 5 -2.5040940715
20 0 80 -3.18719852678
20 5 75 -3.31844375065
20 10 70 -3.46159763546
20 15 65 -3.45804097553
20 20 60 -3.32424142359
20 25 55 -3.1314938459
20 30 50 -3.00675852597
20 35 45 -2.99287251546
20 40 40 -2.99074072514
20 45 35 -2.89043505258
20 50 30 -2.68989539098
20 55 25 -2.47820727168
20 60 20 -2.35294979769
20 65 15 -2.33037237822
20 70 10 -2.35259384206
20 75 5 -2.51972631274
20 80 0 -3.09345296915
25 0 75 -3.16327780937
25 5 70 -3.46832025038
25 10 65 -3.50519455729
25 15 60 -3.39411154295
25 20 55 -3.18320313991
25 25 50 -3.00325893471
25 30 45 -2.95844794751
25 35 40 -2.99204182051
25 40 35 -2.95940659817
25 45 30 -2.79444760538
25 50 25 -2.557600332
25 55 20 -2.36819648334
25 60 15 -2.30225604093
25 65 10 -2.34187456352
25 70 5 -2.53408675395
25 75 0 -3.05790877392
30 0 70 -3.11814191734
30 5 65 -3.5495980148
30 10 60 -3.47275092449
30 15 55 -3.26353181886
30 20 50 -3.03466479709
30 25 45 -2.93459905378
30 30 40 -2.97452798839
30 35 35 -3.00971351821
30 40 30 -2.90994127315
30 45 25 -2.6810865804
30 50 20 -2.43907526483
30 55 15 -2.30897193641
30 60 10 -2.33368907901
30 65 5 -2.54477100883
35 0 65 -3.06789933941
35 5 60 -3.55372963
35 10 55 -3.36502624152
35 15 50 -3.10493909354
35 20 45 -2.93794643957
35 25 40 -2.94969373907
35 30 35 -3.03460878892
35 35 30 -3.01774485025
35 40 25 -2.83346629061
35 45 20 -2.56501357172
35 50 15 -2.36500665853
35 55 10 -2.34336355092
35 60 5 -2.55425523092
40 0 60 -3.01761897903
40 5 55 -3.47817235943
40 10 50 -3.21030586478
40 15 45 -2.98043628348
40 20 40 -2.93420855176
40 25 35 -3.03611700373
40 30 30 -3.10187187218
40 35 25 -2.99368889644
40 40 20 -2.73502006917
40 45 15 -2.47659362302
40 50 10 -2.38595765693
40 55 5 -2.56942123636
45 0 55 -2.96243982497
45 5 50 -3.34109701072
45 10 45 -3.06602477617
45 15 40 -2.94509825988
45 20 35 -3.02493246127
45 25 30 -3.15338952927
45 30 25 -3.13936207541
45 35 20 -2.92929784299
45 40 15 -2.63954122199
45 45 10 -2.47210692742
45 50 5 -2.59972616327
45 55 0 -2.77306035272
50 0 50 -2.90607991685
50 5 45 -3.18999729162
50 10 40 -2.99467199624
50 15 35 -3.01746358753
50 20 30 -3.17302444809
50 25 25 -3.25196936538
50 30 20 -3.12299166324
50 35 15 -2.83928793092
50 40 10 -2.6046690598
50 45 5 -2.65439119261
50 50 0 -2.68482495631
55 0 45 -2.87216425157
55 5 40 -3.08698366193
55 10 35 -3.03091553782
55 15 30 -3.17095672696
55 20 25 -3.32137506556
55 25 20 -3.29138526536
55 30 15 -3.05333747201
55 35 10 -2.77706621492
55 40 5 -2.73933833961
60 0 40 -2.89126140808
60 5 35 -3.07808431034
60 10 30 -3.16371664687
60 15 25 -3.34822042198
60 20 20 -3.41535510449
60 25 15 -3.25568701109
60 30 10 -2.97385815503
60 35 5 -2.85475476305
65 0 35 -2.97145217708
65 5 30 -3.16913828427
65 10 25 -3.3433625941
65 15 20 -3.48563952979
65 20 15 -3.42231500672
65 25 10 -3.1735560482
65 30 5 -2.99405814082
70 0 30 -3.07961612587
70 5 25 -3.3244360482
70 10 20 -3.50467057784
70 15 15 -3.5364062152
70 20 10 -3.35310175117
70 25 5 -3.14468682046
75 0 25 -3.15626259199
75 5 20 -3.4853578732
75 10 15 -3.59193020283
75 15 10 -3.49294081131
75 20 5 -3.29062780748
75 25 0 -2.29569096916
80 0 20 -3.15991402872
80 5 15 -3.59454707056
80 10 10 -3.58136961215
80 15 5 -3.41606526342
85 0 15 -3.10796858491
85 5 10 -3.61695138714
85 10 5 -3.50914756518
90 0 10 -3.0753229726
90 5 5 -3.56476787492
95 0 5 -3.14836620059
100 0 0 -2.60087446892
